20
0.00 6.18 11.76 16.18 19.02 20.00 19.02 16.18 11.76 6.18 10.00 13.28 19.40 24.97 28.70 30.00 28.70 24.97 19.40 13.28
6.18 0.00 6.18 11.76 16.18 19.02 20.00 19.02 16.18 11.76 13.28 10.00 13.28 19.40 24.97 28.70 30.00 28.70 24.97 19.40
11.76 6.18 0.00 6.18 11.76 16.18 19.02 20.00 19.02 16.18 19.40 13.28 10.00 13.28 19.40 24.97 28.70 30.00 28.70 24.97
16.18 11.76 6.18 0.00 6.18 11.76 16.18 19.02 20.00 19.02 24.97 19.40 13.28 10.00 13.28 19.40 24.97 28.70 30.00 28.70
19.02 16.18 11.76 6.18 0.00 6.18 11.76 16.18 19.02 20.00 28.70 24.97 19.40 13.28 10.00 13.28 19.40 24.97 28.70 30.00
20.00 19.02 16.18 11.76 6.18 0.00 6.18 11.76 16.18 19.02 30.00 28.70 24.97 19.40 13.28 10.00 13.28 19.40 24.97 28.70
19.02 20.00 19.02 16.18 11.76 6.18 0.00 6.18 11.76 16.18 28.70 30.00 28.70 24.97 19.40 13.28 10.00 13.28 19.40 24.97
16.18 19.02 20.00 19.02 16.18 11.76 6.18 0.00 6.18 11.76 24.97 28.70 30.00 28.70 24.97 19.40 13.28 10.00 13.28 19.40
11.76 16.18 19.02 20.00 19.02 16.18 11.76 6.18 0.00 6.18 19.40 24.97 28.70 30.00 28.70 24.97 19.40 13.28 10.00 13.28
6.18 11.76 16.18 19.02 20.00 19.02 16.18 11.76 6.18 0.00 13.28 19.40 24.97 28.70 30.00 28.70 24.97 19.40 13.28 10.00
10.00 13.28 19.40 24.97 28.70 30.00 28.70 24.97 19.40 13.28 0.00 12.36 23.51 32.36 38.04 40.00 38.04 32.36 23.51 12.36
13.28 10.00 13.28 19.40 24.97 28.70 30.00 28.70 24.97 19.40 12.36 0.00 12.36 23.51 32.36 38.04 40.00 38.04 32.36 23.51
19.40 13.28 10.00 13.28 19.40 24.97 28.70 30.00 28.70 24.97 23.51 12.36 0.00 12.36 23.51 32.36 38.04 40.00 38.04 32.36
24.97 19.40 13.28 10.00 13.28 19.40 24.97 28.70 30.00 28.70 32.36 23.51 12.36 0.00 12.36 23.51 32.36 38.04 40.00 38.04
28.70 24.97 19.40 13.28 10.00 13.28 19.40 24.97 28.70 30.00 38.04 32.36 23.51 12.36 0.00 12.36 23.51 32.36 38.04 40.00
30.00 28.70 24.97 19.40 13.28 10.00 13.28 19.40 24.97 28.70 40.00 38.04 32.36 23.51 12.36 0.00 12.36 23.51 32.36 38.04
28.70 30.00 28.70 24.97 19.40 13.28 10.00 13.28 19.40 24.97 38.04 40.00 38.04 32.36 23.51 12.36 0.00 12.36 23.51 32.36
24.97 28.70 30.00 28.70 24.97 19.40 13.28 10.00 13.28 19.40 32.36 38.04 40.00 38.04 32.36 23.51 12.36 0.00 12.36 23.51
19.40 24.97 28.70 30.00 28.70 24.97 19.40 13.28 10.00 13.28 23.51 32.36 38.04 40.00 38.04 32.36 23.51 12.36 0.00 12.36
13.28 19.40 24.97 28.70 30.00 28.70 24.97 19.40 13.28 10.00 12.36 23.51 32.36 38.04 40.00 38.04 32.36 23.51 12.36 0.00
